100,169321,1,0,0
100,169322,2,0,0
100,169323,3,0,0
100,169324,4,0,0
100,169325,5,0,0
100,169326,6,0,0
100,169327,7,0,0
100,172039,8,0,0
100,169329,9,0,0
100,169330,10,0,0
100,172040,11,0,0
100,169332,12,0,0
100,169333,13,0,0
100,169298,14,0,0
100,169299,15,0,0
100,169300,16,0,0
100,169317,17,0,0
100,172041,18,0,0
100,169335,19,0,0
100,172031,20,0,0
100,180462,21,0,0
100,180463,22,0,0
100,172035,23,0,0
100,169276,24,0,0
100,221541,25,0,0
100,169337,26,0,0
100,172042,27,0,0
100,172043,28,0,0
100,172044,29,0,0
100,169341,30,0,0
100,169342,31,0,0
100,169343,32,1,1
100,169275,33,1,1
101,169343,1,0,0
101,169344,2,0,0
101,169345,3,0,0
101,172036,4,0,0
101,169347,5,0,0
101,169348,6,0,0
101,169349,7,0,0
101,169350,8,0,0
101,169351,9,0,0
101,172034,10,0,0
101,172035,11,0,0
101,169308,12,0,0
101,172037,13,0,0
101,172038,14,0,0
101,169354,15,0,0
101,169316,16,0,0
101,169299,17,0,0
101,169318,18,0,0
101,169321,19,0,0
101,169322,20,0,0
101,169323,21,0,0
101,169324,22,0,0
101,169325,23,0,0
101,169326,24,0,0
101,169327,25,0,0
101,172039,26,0,0
101,169329,27,0,0
101,169330,28,0,0
101,169358,29,0,0
101,169355,30,0,0
101,169356,31,0,0
101,169357,32,0,0
101,169359,33,0,0
109,169343,1,0,0
109,169344,2,0,0
109,169345,3,0,0
109,172036,4,0,0
109,169347,5,0,0
109,169348,6,0,0
109,169349,7,0,0
109,169350,8,0,0
109,169351,9,0,0
109,172034,10,0,0
109,172035,11,0,0
109,169308,12,0,0
109,172037,13,0,0
109,172038,14,0,0
109,169354,15,0,0
109,169316,16,0,0
109,169299,17,0,0
109,169318,18,0,0
109,169321,19,1,0
109,169322,20,0,0
109,169323,21,0,0
109,169324,22,0,0
109,169325,23,0,0
109,169326,24,0,0
109,169327,25,0,0
109,172039,26,0,0
109,169329,27,0,0
109,169330,28,0,0
109,172040,29,0,0
109,169332,30,0,0
109,169333,31,1,1
200,169287,1,0,0
200,169288,2,0,0
200,169289,3,0,0
200,169290,4,0,0
200,169291,5,0,0
200,169292,6,0,0
200,169293,7,0,0
200,169294,8,0,0
200,169295,9,0,0
200,169296,10,0,0
200,169297,11,0,0
200,169298,12,0,0
200,172027,13,0,0
200,172028,14,0,0
200,169737,15,0,0
200,169301,16,0,0
200,169302,17,0,0
200,169303,18,0,0
200,172029,19,0,0
200,169305,20,0,0
200,172031,21,0,0
200,180462,22,0,0
200,180463,23,0,0
200,169275,24,1,1
201,172035,1,0,0
201,169308,2,0,0
201,172037,3,0,0
201,209025,4,0,0
201,172045,5,0,0
201,172046,6,0,0
201,169313,7,0,0
201,169314,8,0,0
201,169315,9,0,0
201,172047,10,0,0
201,172048,11,0,0
201,172049,12,0,0
201,169318,13,0,0
201,169319,14,0,0
201,169320,15,0,0
201,169287,16,1,1
300,169275,1,0,0
300,169277,2,0,0
300,169278,3,0,0
300,169279,4,0,0
300,169280,5,0,0
300,169281,6,0,0
300,169282,7,0,0
300,172032,8,0,0
300,180463,9,0,0
300,172035,10,1,1
